615
629
634
642
648
658
663
669
662
673
687
710
717
729
753
777
794
805
829
878
923
965
989
1017
1036
1050
1053
1053
1050
1052
1056
1076
1107
1139
1173
1203
1273
1319
1365
1368
1376
1378
1383
1399
1418
1441
1455
1472
1488
1511
1527
1541
1546
1561
1604
1647
1677
1683
1689
1698
1704
1711
1718
1729
1739
1750
1757
1771
1794
1812
1829
1840
1841
1851
1897
1955
2006
2036
2068
2096
2112
2147
2182
2210
2219
2224
2248
2281
2316
2357
2388
2420
2428
2440
2449
2465
2514
2561
2609
2620
2635
2634
2637
2614
2598
2585
2596
2597
2617
2638
2669
2674
2678
2706
2737
2768
2782
2795
2820
2842
2871
2905
2939
2966
2978
2986
3008
3043
3081
3105
3129
3151
3170
3174
3177
3180
3188
3197
3206
3198
3189
3196
3216
3234
3237
3245
3255
3265
3275
3269
3281
3289
3313
3331
3351
3375
3387
3416
3427
3430
3407
3399
3398
3404
3409
3416
3421
3426
3451
3484
3534
3569
3630
3675
3708
3712
3716
3725
3756
3790
3824
3825
3835
3846
3864
3870
3899
3950
4019
4065
4099
4114
4128
4136
4147
4160
4179
4196
4218
4234
4256
4273
4321
4375
4429
4441
4445
4448
4458
4465
4465
4466
4467
4498
4529
4560
4582
4608
4636
4618
4589
4556
4557
4565
4573
4590
4605
4623
4629
4650
4677
4704
4717
4721
4717
4716
4728
4748
4775
4791
4830
4859
4889
4907
4948
4986
5026
5046
5071
5084
5097
5099
5100
5099
5115
5132
5139
5163
5200
5252
5280
5296
5307
5302
5296
5298
5318
5337
5362
5383
5417
5436
5453
5442
5434
5432
5446
5467
5484
5500
5521
5542
5565
5572
5573
5572
5581
5610
5644
5669
5674
5674
5673
5676
5681
5700
5719
5737
5742
5744
5748
5762
5780
5820
5856
5900
5924
5943
5953
5958
5965
5976
6020
6069
6114
6127
6144
6162
6193
6208
6232
6244
6261
6302
6343
6382
6387
6390
6397
6404
6418
6432
6447
6457
6468
6478
6488
6494
6521
6553
6585
6610
6639
6673
6693
6708
6717
6739
6757
6778
6779
6787
6794
6806
6811
6814
6820
6827
6838
6848
6835
6822
6824
6849
6888
6914
6937
6944
6942
6940
6934
6935
6949
6969
6989
7001
7010
7030
7047
7067
7076
7078
7089
7112
7135
7156
7165
7181
7186
7193
7214
7237
7258
7263
7287
7323
7359
7379
7389
7425
7456
7487
7503
7522
7545
7561
7572
7584
7594
7616
7627
7638
7647
7660
7671
7676
7689
7702
7714
7719
7731
7742
7752
7741
7731
7721
7736
7751
7766
7781
7795
7809
7812
7798
7797
7800
7822
7835
7840
7846
7848
7854
7865
7876
7887
7890
7900
7915
7933
7951
7971
7995
8018
8032
8039
8061
8085
8114
8123
8134
8140
8145
8146
8152
8156
8180
8204
8232
8245
8249
8249
8246
8248
8252
8253
8262
8287
8315
8334
8337
8346
8367
8392
8415
8427
8442
8453
8484
8510
8542
8561
8576
8590
8608
8637
8661
8673
8668
8664
8662
8671
8681
8716
8748
8782
8790
8804
8816
8824
8843
8871
8912
8937
8968
8992
9016
9026
9033
9059
9090
9136
9165
9186
9187
9199
9225
9256
9285
9303
9326
9339
9337
9327
9320
9327
9337
9353
9359
9383
9397
9419
9424
9423
9427
9431
9445
9461
9484
9499
9518
9529
9538
9554
9583
9622
9658
9681
9699
9702
9708
9714
9721
9725
9729
9730
9735
9740
9772
9800
9829
9834
9844
9857
9870
9878
9888
9905
9930
9955
9983
10003
10025
10053
10090
10113
10119
10147
10183
10219
10240
10277
10320
10352
10360
10368
10379
10418
10434
10442
10432
10462
10502
10540
10577
10604
10626
10626
10624
10634
10645
10656
10638
10627
10618
10646
10666
10686
10691
10700
10709
10739
10768
10799
10810
10818
10824
10830
10876
10932
10991
10998
10995
10986
10995
11009
11029
11066
11099
11130
11140
11140
11136
11132
11137
11142
11145
11166
11200
11247
11282
11317
11336
11352
11358
11368
11376
11389
11402
11427
11447
11468
11477
11492
11505
11520
11552
11590
11635
11654
11668
11672
11676
11679
11667
11634
11618
11618
11646
11661
11679
11695
11708
11717
11723
11735
11755
11791
11846
11901
11934
11941
11952
11957
11965
11958
11961
11961
11964
11974
11986
11998
12026
12056
12089
12102
12112
12122
12130
12138
12151
12172
12203
12238
12265
12308
12340
12374
12379
12383
12387
12396
12409
12423
12438
12450
12467
12483
12498
12505
12510
12518
12525
12531
12549
12570
12591
12598
12603
12608
12612
12613
12618
12624
12633
12648
12677
12706
12737
12763
12801
12830
12859
12889
12928
12976
13017
13053
13093
13129
13158
13172
13186
13201
13208
13212
13234
13261
13291
13305
13318
13335
13357
13383
13397
13403
13402
13417
13432
13461
13476
13498
13505
13521
13535
13550
13559
13564
13578
13573
13577
13568
13586
13594
13620
13651
13686
13706
13719
13733
13757
13788
13814
13837
13856
13875
13887
13893
13900
13907
13913
13936
13963
13992
13998
14007
14025
14048
14068
14075
14084
14058
14042
14024
14059
14088
14115
14122
14126
14138
14154
14159
14159
14157
14165
14173
14177
14182
14191
14200
14209
14213
14235
14260
14294
14310
14323
14327
14331
14332
14340
14348
14342
14330
14318
14324
14332
14341
14352
14362
14373
14392
14417
14441
14459
14471
14491
14488
14491
14490
14509
14529
14546
14575
14600
14634
14653
14677
14695
14715
14725
14736
14746
14756
14765
14774
14788
14803
14818
14829
14836
14843
14854
14857
14855
14853
14860
14872
14877
14881
14890
14913
14937
14962
14980
15003
15036
15061
15081
15087
15099
15106
15110
15113
15109
15105
15099
15106
15118
15134
15140
15171
15198
15235
15242
15271
15296
15327
15338
15368
15392
15418
15428
15443
15456
15480
15509
15536
15549
15552
15558
15556
15560
15565
15584
15600
15619
15636
15652
15662
15674
15684
15704
15729
15728
15713
15695
15710
15730
15752
15767
15791
15810
15831
15846
15854
15860
15871
15913
15955
15990
15997
16005
16011
16017
16026
16036
16045
16050
16059
16068
16077
16093
16110
16109
16095
16107
16149
16195
16217
16228
16235
16239
16242
16264
16286
16312
16320
16332
16337
16342
16343
16361
16378
16395
16400
16405
16431
16455
16479
16496
16523
16557
16578
16595
16608
16620
16642
16663
16684
16713
16746
16779
16792
16815
16845
16871
16894
16935
16987
17031
17057
17073
17105
17145
17184
17221
17243
17266
17270
17274
17277
17280
17292
17306
17325
17338
17349
17356
17360
17365
17378
17401
17425
17435
17435
17415
17397
17389
17399
17419
17430
17441
17465
17503
17541
17560
17586
17612
17637
17642
17652
17669
17697
17740
17777
17801
17805
17809
17813
17818
17831
17847
17856
17856
17855
17875
17895
17915
17922
17929
17940
17949
17984
18023
18068
18092
18111
18132
18146
18156
18180
18225
18273
18303
18315
18329
18348
18346
18338
18317
18325
18360
18399
18447
18474
18501
18510
18522
18550
18578
18599
18607
18615
18657
18697
18739
18745
18753
18768
18789
18811
18824
18821
18816
18827
18852
18889
18910
18943
18976
19012
19030
19030
19049
19070
19095
19101
19107
19114
19120
19126
19131
19132
19134
19142
19161
19179
19213
19239
19271
19284
19325
19368
19408
19435
19454
19473
19480
19511
19542
19569
19566
19563
19560
19566
19576
19586
19595
19600
19612
19630
19653
19694
19728
19757
19761
19781
19808
19838
19878
19914
19947
19955
19982
19994
20005
20004
19996
19984
19963
19973
19987
20014
20041
20077
20099
20114
20126
20141
20164
20180
20194
20207
20223
20238
20245
20257
20280
20302
20319
20323
20327
20333
20343
20379
20438
20511
20559
20577
20596
20622
20658
20695
20728
20755
20765
20779
20792
20804
20808
20811
20827
20852
20879
20911
20936
20957
20958
20948
20929
20912
20901
20914
20943
20971
20993
21004
21010
20983
20984
20998
21038
21055
21068
21087
21097
21111
21117
21122
21126
21134
21158
21187
21214
21231
21244
21261
21277
21287
21306
21335
21362
21386
21395
21408
21413
21430
21449
21467
21488
21508
21527
21516
21506
21488
21482
21474
21479
21487
21501
21527
21556
21583
21593
21604
21613
21620
21637
21656
21693
21720
21764
21792
21816
21819
21828
21841
21855
21888
21917
21946
21950
21954
21941
21930
21919
21924
21929
21940
21953
21978
21997
22020
22029
22041
22056
22071
22083
22083
22117
22155
22199
22209
22216
22218
22224
22237
22266
22295
22317
22328
22341
22345
22347
22361
22386
22407
22410
22421
22437
22459
22465
22469
22469
22474
22479
22484
22495
22521
22549
22592
22626
22644
22650
22656
22674
22698
22727
22757
22773
22771
22776
22780
22777
22771
22765
22780
22816
22852
22881
22885
22903
22914
22929
22936
22954
22971
22983
23000
23018
23035
23055
23073
23108
23118
23125
23115
23119
23126
23136
23143
23148
23154
23162
23173
23172
23171
23167
23173
23186
23199
23197
23208
23218
23243
23258
23273
23288
23304
23322
23333
23333
23331
23314
23306
23298
23326
23354
23382
23399
23405
23411
23412
23420
23441
23460
23475
23477
23481
23506
23546
23605
23643
23666
23679
23694
23721
23739
23770
23794
23818
23829
23835
23841
23844
23873
23904
23936
23943
23952
23970
23987
24008
24020
24032
24042
24052
24065
24073
24058
24044
24051
24081
24107
24111
24088
24075
24066
24085
24094
24099
24099
24100
24102
24129
24155
24182
24187
24208
24235
24268
24309
24354
24404
24431
24446
24450
24463
24487
24490
24486
24474
24490
24503
24529
24548
24567
24570
24577
24592
24617
24638
24655
24672
24694
24712
24721
24739
24748
24768
24775
24800
24847
24894
24948
24972
24996
25006
25017
25032
25043
25049
25062
25079
25099
25107
25136
25164
25194
25209
25236
25264
25284
25300
25314
25329
25339
25348
25358
25365
25344
25332
25327
25355
25389
25410
25430
25429
25442
25451
25464
25477
25490
25504
25508
25545
25565
25590
25582
25615
25659
25705
25738
25760
25808
25851
25890
25894
25898
25899
25907
25915
25939
25964
25961
25954
25952
25961
25973
25981
26005
26017
26028
26040
26060
26079
26128
26172
26224
26256
26285
26283
26267
26258
26266
26281
26289
26311
26327
26347
26366
26383
26396
26409
26417
26432
26450
26474
26493
26502
26514
26523
26532
26540
26554
26569
26580
26585
26614
26643
26692
26716
26749
26765
26781
26796
26823
26851
26870
26878
26909
26940
26974
26981
26991
26962
26957
26949
26973
26977
26982
27003
27033
27063
27085
27107
27128
27176
27214
27256
27269
27293
27311
27331
27346
27361
27373
27382
27411
27438
27469
27492
27515
27535
27560
27591
27625
27645
27668
27684
27697
27702
27710
27722
27730
27736
27743
27750
27769
27803
27835
27860
27869
27880
27885
27891
27918
27950
27983
27998
28015
28028
28038
28064
28093
28140
28166
28195
28207
28232
28253
28285
28303
28313
28317
28332
28370
28403
28444
28470
28495
28510
28523
28536
28564
28592
28622
28630
28640
28654
28678
28705
28741
28770
28802
28824
28844
28856
28857
28862
28867
28888
28901
28917
28928
28946
28958
28971
28980
29022
29066
29111
29134
29149
29156
29155
29152
29154
29160
29168
29187
29204
29222
29228
29232
29254
29288
29322
29346
29359
29353
29342
29331
29340
29345
29347
29362
29378
29396
29400
29424
29448
29481
29494
29511
29522
29533
29557
29580
29616
29635
29654
29661
29669
29681
29699
29717
29729
29736
29744
29755
29766
29771
29793
29814
29839
29844
29855
29866
29878
29893
29888
29903
29908
29955
29979
29993
29989
29974
29977
29976
29996
30000
30005
30002
30012
30052
30095
30137
30166
30192
30214
30244
30272
30299
30300
30303
30308
30289
30270
30247
30251
30280
30311
30339
30349
30360
30373
30391
30423
30453
30471
30474
30479
30484
30491
30506
30521
30535
30536
30537
30548
30556
30575
30585
30603
30632
30660
30688
30695
30712
30727
30741
30744
30747
30768
30796
30824
30834
30846
30859
30874
30877
30890
30920
30967
31005
31024
31034
31046
31074
31095
31115
31120
31129
31160
31190
31216
31214
31219
31226
31234
31242
31252
31276
31294
31310
31312
31315
31304
31288
31280
31287
31305
31322
31330
31360
31382
31416
31427
31437
31446
31473
31500
31526
31531
31536
31548
31560
31576
31589
31617
31651
31684
31705
31717
31724
31729
31750
31776
31828
31879
31934
31963
32000
32030
32063
32072
32085
32095
32105
32114
32126
32139
32157
32189
32217
32244
32251
32261
32262
32268
32277
32286
32292
32298
32304
32310
32318
32344
32380
32416
32438
32456
32473
32490
32501
32520
32543
32580
32613
32634
32643
32647
32670
32691
32736
32764
