[3, 4, 5, 4, 3]
[4, 0, 0, 0, 4]
[5, 0, 9, 0, 5]
[4, 0, 0, 0, 4]
[3, 4, 5, 4, 3]

[4, 5, 6, 5, 4]
[5, 2, 2, 2, 5]
[6, 2, 0, 2, 6]
[5, 2, 2, 2, 5]
[4, 5, 6, 5, 4]

[5, 6, 7, 6, 5]
[6, 3, 3, 3, 6]
[7, 3, 1, 3, 7]
[6, 3, 3, 3, 6]
[5, 6, 7, 6, 5]

[6, 7, 8, 7, 6]
[7, 4, 4, 4, 7]
[8, 4, 2, 4, 8]
[7, 4, 4, 4, 7]
[6, 7, 8, 7, 6]

[7, 8, 9, 8, 7]
[8, 5, 5, 5, 8]
[9, 5, 3, 5, 9]
[8, 5, 5, 5, 8]
[7, 8, 9, 8, 7]

[8, 9, 0, 0, 9]
[9, 8, 8, 9, 0]
[0, 8, 4, 9, 0]
[0, 9, 9, 9, 0]
[9, 0, 0, 0, 0]

[9, 0, 5, 4, 0]
[0, 0, 0, 0, 4]
[5, 0, 9, 0, 4]
[4, 0, 0, 0, 3]
[0, 4, 4, 3, 2]

[0, 2, 6, 5, 1]
[2, 3, 2, 2, 5]
[6, 2, 0, 2, 5]
[5, 2, 2, 2, 4]
[1, 5, 5, 4, 3]

[1, 3, 7, 6, 2]
[3, 4, 3, 3, 6]
[7, 3, 1, 3, 6]
[6, 3, 3, 3, 5]
[2, 6, 6, 5, 4]

[2, 4, 8, 7, 3]
[4, 5, 4, 4, 7]
[8, 4, 2, 4, 7]
[7, 4, 4, 4, 6]
[3, 7, 7, 6, 5]

